{
 "cells": [
  {
   "cell_type": "code",
   "execution_count": 14,
   "metadata": {},
   "outputs": [],
   "source": [
    "import pandas as pd"
   ]
  },
  {
   "cell_type": "code",
   "execution_count": 19,
   "metadata": {},
   "outputs": [],
   "source": [
    "data = data.set_index('timestamp')"
   ]
  },
  {
   "cell_type": "code",
   "execution_count": 28,
   "metadata": {},
   "outputs": [],
   "source": [
    "data = pd.read_csv('data.csv')"
   ]
  },
  {
   "cell_type": "code",
   "execution_count": 29,
   "metadata": {},
   "outputs": [
    {
     "data": {
      "text/html": [
       "<div>\n",
       "<style scoped>\n",
       "    .dataframe tbody tr th:only-of-type {\n",
       "        vertical-align: middle;\n",
       "    }\n",
       "\n",
       "    .dataframe tbody tr th {\n",
       "        vertical-align: top;\n",
       "    }\n",
       "\n",
       "    .dataframe thead th {\n",
       "        text-align: right;\n",
       "    }\n",
       "</style>\n",
       "<table border=\"1\" class=\"dataframe\">\n",
       "  <thead>\n",
       "    <tr style=\"text-align: right;\">\n",
       "      <th></th>\n",
       "      <th>timestamp</th>\n",
       "      <th>BTCUSDT</th>\n",
       "      <th>ETHUSDT</th>\n",
       "      <th>XRPUSDT</th>\n",
       "      <th>ADAUSDT</th>\n",
       "      <th>DOGEUSDT</th>\n",
       "      <th>EOSUSDT</th>\n",
       "      <th>XLMUSDT</th>\n",
       "      <th>MATICUSDT</th>\n",
       "      <th>SOLUSDT</th>\n",
       "      <th>...</th>\n",
       "      <th>LINKUSDT</th>\n",
       "      <th>NEOUSDT.1</th>\n",
       "      <th>LTCUSDT</th>\n",
       "      <th>TRXUSDT</th>\n",
       "      <th>ATOMUSDT</th>\n",
       "      <th>UNIUSDT</th>\n",
       "      <th>NEOUSDT.2</th>\n",
       "      <th>VETUSDT</th>\n",
       "      <th>DOTUSDT</th>\n",
       "      <th>NEARUSDT</th>\n",
       "    </tr>\n",
       "  </thead>\n",
       "  <tbody>\n",
       "    <tr>\n",
       "      <th>0</th>\n",
       "      <td>2021-04-01 00:00:00</td>\n",
       "      <td>59221.95</td>\n",
       "      <td>1932.38</td>\n",
       "      <td>0.57148</td>\n",
       "      <td>1.19440</td>\n",
       "      <td>0.053906</td>\n",
       "      <td>4.8734</td>\n",
       "      <td>0.40786</td>\n",
       "      <td>0.36312</td>\n",
       "      <td>19.4433</td>\n",
       "      <td>...</td>\n",
       "      <td>29.7346</td>\n",
       "      <td>52.240</td>\n",
       "      <td>199.45</td>\n",
       "      <td>0.08855</td>\n",
       "      <td>19.286</td>\n",
       "      <td>28.4751</td>\n",
       "      <td>52.240</td>\n",
       "      <td>0.088366</td>\n",
       "      <td>36.6167</td>\n",
       "      <td>6.0490</td>\n",
       "    </tr>\n",
       "    <tr>\n",
       "      <th>1</th>\n",
       "      <td>2021-04-01 01:00:00</td>\n",
       "      <td>59143.72</td>\n",
       "      <td>1939.81</td>\n",
       "      <td>0.57949</td>\n",
       "      <td>1.19015</td>\n",
       "      <td>0.054184</td>\n",
       "      <td>4.7941</td>\n",
       "      <td>0.41375</td>\n",
       "      <td>0.36314</td>\n",
       "      <td>19.4898</td>\n",
       "      <td>...</td>\n",
       "      <td>29.8330</td>\n",
       "      <td>52.123</td>\n",
       "      <td>198.92</td>\n",
       "      <td>0.08804</td>\n",
       "      <td>19.119</td>\n",
       "      <td>28.6578</td>\n",
       "      <td>52.123</td>\n",
       "      <td>0.087168</td>\n",
       "      <td>36.4696</td>\n",
       "      <td>5.9613</td>\n",
       "    </tr>\n",
       "    <tr>\n",
       "      <th>2</th>\n",
       "      <td>2021-04-01 02:00:00</td>\n",
       "      <td>59086.99</td>\n",
       "      <td>1925.40</td>\n",
       "      <td>0.57712</td>\n",
       "      <td>1.19127</td>\n",
       "      <td>0.054179</td>\n",
       "      <td>4.7819</td>\n",
       "      <td>0.41279</td>\n",
       "      <td>0.37621</td>\n",
       "      <td>19.5797</td>\n",
       "      <td>...</td>\n",
       "      <td>29.6591</td>\n",
       "      <td>51.190</td>\n",
       "      <td>198.36</td>\n",
       "      <td>0.08643</td>\n",
       "      <td>19.014</td>\n",
       "      <td>29.2222</td>\n",
       "      <td>51.190</td>\n",
       "      <td>0.089206</td>\n",
       "      <td>36.4071</td>\n",
       "      <td>5.9011</td>\n",
       "    </tr>\n",
       "    <tr>\n",
       "      <th>3</th>\n",
       "      <td>2021-04-01 03:00:00</td>\n",
       "      <td>59119.02</td>\n",
       "      <td>1922.80</td>\n",
       "      <td>0.57300</td>\n",
       "      <td>1.18779</td>\n",
       "      <td>0.054073</td>\n",
       "      <td>4.7372</td>\n",
       "      <td>0.41065</td>\n",
       "      <td>0.37127</td>\n",
       "      <td>19.7460</td>\n",
       "      <td>...</td>\n",
       "      <td>29.6884</td>\n",
       "      <td>51.054</td>\n",
       "      <td>197.50</td>\n",
       "      <td>0.08812</td>\n",
       "      <td>19.081</td>\n",
       "      <td>28.9500</td>\n",
       "      <td>51.054</td>\n",
       "      <td>0.090450</td>\n",
       "      <td>36.3510</td>\n",
       "      <td>5.9251</td>\n",
       "    </tr>\n",
       "    <tr>\n",
       "      <th>4</th>\n",
       "      <td>2021-04-01 04:00:00</td>\n",
       "      <td>58869.99</td>\n",
       "      <td>1915.92</td>\n",
       "      <td>0.57166</td>\n",
       "      <td>1.19403</td>\n",
       "      <td>0.053936</td>\n",
       "      <td>4.8074</td>\n",
       "      <td>0.41008</td>\n",
       "      <td>0.37570</td>\n",
       "      <td>20.1603</td>\n",
       "      <td>...</td>\n",
       "      <td>29.5789</td>\n",
       "      <td>51.751</td>\n",
       "      <td>196.25</td>\n",
       "      <td>0.08570</td>\n",
       "      <td>19.171</td>\n",
       "      <td>28.8330</td>\n",
       "      <td>51.751</td>\n",
       "      <td>0.090867</td>\n",
       "      <td>36.5445</td>\n",
       "      <td>5.9492</td>\n",
       "    </tr>\n",
       "  </tbody>\n",
       "</table>\n",
       "<p>5 rows × 21 columns</p>\n",
       "</div>"
      ],
      "text/plain": [
       "             timestamp   BTCUSDT  ETHUSDT  XRPUSDT  ADAUSDT  DOGEUSDT   \n",
       "0  2021-04-01 00:00:00  59221.95  1932.38  0.57148  1.19440  0.053906  \\\n",
       "1  2021-04-01 01:00:00  59143.72  1939.81  0.57949  1.19015  0.054184   \n",
       "2  2021-04-01 02:00:00  59086.99  1925.40  0.57712  1.19127  0.054179   \n",
       "3  2021-04-01 03:00:00  59119.02  1922.80  0.57300  1.18779  0.054073   \n",
       "4  2021-04-01 04:00:00  58869.99  1915.92  0.57166  1.19403  0.053936   \n",
       "\n",
       "   EOSUSDT  XLMUSDT  MATICUSDT  SOLUSDT  ...  LINKUSDT  NEOUSDT.1  LTCUSDT   \n",
       "0   4.8734  0.40786    0.36312  19.4433  ...   29.7346     52.240   199.45  \\\n",
       "1   4.7941  0.41375    0.36314  19.4898  ...   29.8330     52.123   198.92   \n",
       "2   4.7819  0.41279    0.37621  19.5797  ...   29.6591     51.190   198.36   \n",
       "3   4.7372  0.41065    0.37127  19.7460  ...   29.6884     51.054   197.50   \n",
       "4   4.8074  0.41008    0.37570  20.1603  ...   29.5789     51.751   196.25   \n",
       "\n",
       "   TRXUSDT  ATOMUSDT  UNIUSDT  NEOUSDT.2   VETUSDT  DOTUSDT  NEARUSDT  \n",
       "0  0.08855    19.286  28.4751     52.240  0.088366  36.6167    6.0490  \n",
       "1  0.08804    19.119  28.6578     52.123  0.087168  36.4696    5.9613  \n",
       "2  0.08643    19.014  29.2222     51.190  0.089206  36.4071    5.9011  \n",
       "3  0.08812    19.081  28.9500     51.054  0.090450  36.3510    5.9251  \n",
       "4  0.08570    19.171  28.8330     51.751  0.090867  36.5445    5.9492  \n",
       "\n",
       "[5 rows x 21 columns]"
      ]
     },
     "execution_count": 29,
     "metadata": {},
     "output_type": "execute_result"
    }
   ],
   "source": [
    "data.head()"
   ]
  },
  {
   "cell_type": "code",
   "execution_count": 30,
   "metadata": {},
   "outputs": [],
   "source": [
    "data_in = data.set_index('timestamp')"
   ]
  },
  {
   "cell_type": "code",
   "execution_count": 31,
   "metadata": {},
   "outputs": [
    {
     "data": {
      "text/html": [
       "<div>\n",
       "<style scoped>\n",
       "    .dataframe tbody tr th:only-of-type {\n",
       "        vertical-align: middle;\n",
       "    }\n",
       "\n",
       "    .dataframe tbody tr th {\n",
       "        vertical-align: top;\n",
       "    }\n",
       "\n",
       "    .dataframe thead th {\n",
       "        text-align: right;\n",
       "    }\n",
       "</style>\n",
       "<table border=\"1\" class=\"dataframe\">\n",
       "  <thead>\n",
       "    <tr style=\"text-align: right;\">\n",
       "      <th></th>\n",
       "      <th>BTCUSDT</th>\n",
       "      <th>ETHUSDT</th>\n",
       "      <th>XRPUSDT</th>\n",
       "      <th>ADAUSDT</th>\n",
       "      <th>DOGEUSDT</th>\n",
       "      <th>EOSUSDT</th>\n",
       "      <th>XLMUSDT</th>\n",
       "      <th>MATICUSDT</th>\n",
       "      <th>SOLUSDT</th>\n",
       "      <th>NEOUSDT</th>\n",
       "      <th>LINKUSDT</th>\n",
       "      <th>NEOUSDT.1</th>\n",
       "      <th>LTCUSDT</th>\n",
       "      <th>TRXUSDT</th>\n",
       "      <th>ATOMUSDT</th>\n",
       "      <th>UNIUSDT</th>\n",
       "      <th>NEOUSDT.2</th>\n",
       "      <th>VETUSDT</th>\n",
       "      <th>DOTUSDT</th>\n",
       "      <th>NEARUSDT</th>\n",
       "    </tr>\n",
       "    <tr>\n",
       "      <th>timestamp</th>\n",
       "      <th></th>\n",
       "      <th></th>\n",
       "      <th></th>\n",
       "      <th></th>\n",
       "      <th></th>\n",
       "      <th></th>\n",
       "      <th></th>\n",
       "      <th></th>\n",
       "      <th></th>\n",
       "      <th></th>\n",
       "      <th></th>\n",
       "      <th></th>\n",
       "      <th></th>\n",
       "      <th></th>\n",
       "      <th></th>\n",
       "      <th></th>\n",
       "      <th></th>\n",
       "      <th></th>\n",
       "      <th></th>\n",
       "      <th></th>\n",
       "    </tr>\n",
       "  </thead>\n",
       "  <tbody>\n",
       "    <tr>\n",
       "      <th>2021-04-01 00:00:00</th>\n",
       "      <td>59221.95</td>\n",
       "      <td>1932.38</td>\n",
       "      <td>0.57148</td>\n",
       "      <td>1.19440</td>\n",
       "      <td>0.053906</td>\n",
       "      <td>4.8734</td>\n",
       "      <td>0.40786</td>\n",
       "      <td>0.36312</td>\n",
       "      <td>19.4433</td>\n",
       "      <td>52.240</td>\n",
       "      <td>29.7346</td>\n",
       "      <td>52.240</td>\n",
       "      <td>199.45</td>\n",
       "      <td>0.08855</td>\n",
       "      <td>19.286</td>\n",
       "      <td>28.4751</td>\n",
       "      <td>52.240</td>\n",
       "      <td>0.088366</td>\n",
       "      <td>36.6167</td>\n",
       "      <td>6.0490</td>\n",
       "    </tr>\n",
       "    <tr>\n",
       "      <th>2021-04-01 01:00:00</th>\n",
       "      <td>59143.72</td>\n",
       "      <td>1939.81</td>\n",
       "      <td>0.57949</td>\n",
       "      <td>1.19015</td>\n",
       "      <td>0.054184</td>\n",
       "      <td>4.7941</td>\n",
       "      <td>0.41375</td>\n",
       "      <td>0.36314</td>\n",
       "      <td>19.4898</td>\n",
       "      <td>52.123</td>\n",
       "      <td>29.8330</td>\n",
       "      <td>52.123</td>\n",
       "      <td>198.92</td>\n",
       "      <td>0.08804</td>\n",
       "      <td>19.119</td>\n",
       "      <td>28.6578</td>\n",
       "      <td>52.123</td>\n",
       "      <td>0.087168</td>\n",
       "      <td>36.4696</td>\n",
       "      <td>5.9613</td>\n",
       "    </tr>\n",
       "    <tr>\n",
       "      <th>2021-04-01 02:00:00</th>\n",
       "      <td>59086.99</td>\n",
       "      <td>1925.40</td>\n",
       "      <td>0.57712</td>\n",
       "      <td>1.19127</td>\n",
       "      <td>0.054179</td>\n",
       "      <td>4.7819</td>\n",
       "      <td>0.41279</td>\n",
       "      <td>0.37621</td>\n",
       "      <td>19.5797</td>\n",
       "      <td>51.190</td>\n",
       "      <td>29.6591</td>\n",
       "      <td>51.190</td>\n",
       "      <td>198.36</td>\n",
       "      <td>0.08643</td>\n",
       "      <td>19.014</td>\n",
       "      <td>29.2222</td>\n",
       "      <td>51.190</td>\n",
       "      <td>0.089206</td>\n",
       "      <td>36.4071</td>\n",
       "      <td>5.9011</td>\n",
       "    </tr>\n",
       "    <tr>\n",
       "      <th>2021-04-01 03:00:00</th>\n",
       "      <td>59119.02</td>\n",
       "      <td>1922.80</td>\n",
       "      <td>0.57300</td>\n",
       "      <td>1.18779</td>\n",
       "      <td>0.054073</td>\n",
       "      <td>4.7372</td>\n",
       "      <td>0.41065</td>\n",
       "      <td>0.37127</td>\n",
       "      <td>19.7460</td>\n",
       "      <td>51.054</td>\n",
       "      <td>29.6884</td>\n",
       "      <td>51.054</td>\n",
       "      <td>197.50</td>\n",
       "      <td>0.08812</td>\n",
       "      <td>19.081</td>\n",
       "      <td>28.9500</td>\n",
       "      <td>51.054</td>\n",
       "      <td>0.090450</td>\n",
       "      <td>36.3510</td>\n",
       "      <td>5.9251</td>\n",
       "    </tr>\n",
       "    <tr>\n",
       "      <th>2021-04-01 04:00:00</th>\n",
       "      <td>58869.99</td>\n",
       "      <td>1915.92</td>\n",
       "      <td>0.57166</td>\n",
       "      <td>1.19403</td>\n",
       "      <td>0.053936</td>\n",
       "      <td>4.8074</td>\n",
       "      <td>0.41008</td>\n",
       "      <td>0.37570</td>\n",
       "      <td>20.1603</td>\n",
       "      <td>51.751</td>\n",
       "      <td>29.5789</td>\n",
       "      <td>51.751</td>\n",
       "      <td>196.25</td>\n",
       "      <td>0.08570</td>\n",
       "      <td>19.171</td>\n",
       "      <td>28.8330</td>\n",
       "      <td>51.751</td>\n",
       "      <td>0.090867</td>\n",
       "      <td>36.5445</td>\n",
       "      <td>5.9492</td>\n",
       "    </tr>\n",
       "  </tbody>\n",
       "</table>\n",
       "</div>"
      ],
      "text/plain": [
       "                      BTCUSDT  ETHUSDT  XRPUSDT  ADAUSDT  DOGEUSDT  EOSUSDT   \n",
       "timestamp                                                                     \n",
       "2021-04-01 00:00:00  59221.95  1932.38  0.57148  1.19440  0.053906   4.8734  \\\n",
       "2021-04-01 01:00:00  59143.72  1939.81  0.57949  1.19015  0.054184   4.7941   \n",
       "2021-04-01 02:00:00  59086.99  1925.40  0.57712  1.19127  0.054179   4.7819   \n",
       "2021-04-01 03:00:00  59119.02  1922.80  0.57300  1.18779  0.054073   4.7372   \n",
       "2021-04-01 04:00:00  58869.99  1915.92  0.57166  1.19403  0.053936   4.8074   \n",
       "\n",
       "                     XLMUSDT  MATICUSDT  SOLUSDT  NEOUSDT  LINKUSDT   \n",
       "timestamp                                                             \n",
       "2021-04-01 00:00:00  0.40786    0.36312  19.4433   52.240   29.7346  \\\n",
       "2021-04-01 01:00:00  0.41375    0.36314  19.4898   52.123   29.8330   \n",
       "2021-04-01 02:00:00  0.41279    0.37621  19.5797   51.190   29.6591   \n",
       "2021-04-01 03:00:00  0.41065    0.37127  19.7460   51.054   29.6884   \n",
       "2021-04-01 04:00:00  0.41008    0.37570  20.1603   51.751   29.5789   \n",
       "\n",
       "                     NEOUSDT.1  LTCUSDT  TRXUSDT  ATOMUSDT  UNIUSDT   \n",
       "timestamp                                                             \n",
       "2021-04-01 00:00:00     52.240   199.45  0.08855    19.286  28.4751  \\\n",
       "2021-04-01 01:00:00     52.123   198.92  0.08804    19.119  28.6578   \n",
       "2021-04-01 02:00:00     51.190   198.36  0.08643    19.014  29.2222   \n",
       "2021-04-01 03:00:00     51.054   197.50  0.08812    19.081  28.9500   \n",
       "2021-04-01 04:00:00     51.751   196.25  0.08570    19.171  28.8330   \n",
       "\n",
       "                     NEOUSDT.2   VETUSDT  DOTUSDT  NEARUSDT  \n",
       "timestamp                                                    \n",
       "2021-04-01 00:00:00     52.240  0.088366  36.6167    6.0490  \n",
       "2021-04-01 01:00:00     52.123  0.087168  36.4696    5.9613  \n",
       "2021-04-01 02:00:00     51.190  0.089206  36.4071    5.9011  \n",
       "2021-04-01 03:00:00     51.054  0.090450  36.3510    5.9251  \n",
       "2021-04-01 04:00:00     51.751  0.090867  36.5445    5.9492  "
      ]
     },
     "execution_count": 31,
     "metadata": {},
     "output_type": "execute_result"
    }
   ],
   "source": [
    "data_in.head()"
   ]
  },
  {
   "cell_type": "code",
   "execution_count": 32,
   "metadata": {},
   "outputs": [
    {
     "data": {
      "text/html": [
       "<div>\n",
       "<style scoped>\n",
       "    .dataframe tbody tr th:only-of-type {\n",
       "        vertical-align: middle;\n",
       "    }\n",
       "\n",
       "    .dataframe tbody tr th {\n",
       "        vertical-align: top;\n",
       "    }\n",
       "\n",
       "    .dataframe thead th {\n",
       "        text-align: right;\n",
       "    }\n",
       "</style>\n",
       "<table border=\"1\" class=\"dataframe\">\n",
       "  <thead>\n",
       "    <tr style=\"text-align: right;\">\n",
       "      <th></th>\n",
       "      <th>BTCUSDT</th>\n",
       "      <th>ETHUSDT</th>\n",
       "      <th>XRPUSDT</th>\n",
       "      <th>ADAUSDT</th>\n",
       "      <th>DOGEUSDT</th>\n",
       "      <th>EOSUSDT</th>\n",
       "      <th>XLMUSDT</th>\n",
       "      <th>MATICUSDT</th>\n",
       "      <th>SOLUSDT</th>\n",
       "      <th>NEOUSDT</th>\n",
       "      <th>LINKUSDT</th>\n",
       "      <th>NEOUSDT.1</th>\n",
       "      <th>LTCUSDT</th>\n",
       "      <th>TRXUSDT</th>\n",
       "      <th>ATOMUSDT</th>\n",
       "      <th>UNIUSDT</th>\n",
       "      <th>NEOUSDT.2</th>\n",
       "      <th>VETUSDT</th>\n",
       "      <th>DOTUSDT</th>\n",
       "      <th>NEARUSDT</th>\n",
       "    </tr>\n",
       "  </thead>\n",
       "  <tbody>\n",
       "    <tr>\n",
       "      <th>BTCUSDT</th>\n",
       "      <td>1.000000</td>\n",
       "      <td>0.907397</td>\n",
       "      <td>0.897096</td>\n",
       "      <td>0.832758</td>\n",
       "      <td>0.676114</td>\n",
       "      <td>0.785844</td>\n",
       "      <td>0.849729</td>\n",
       "      <td>0.513035</td>\n",
       "      <td>0.739252</td>\n",
       "      <td>0.770578</td>\n",
       "      <td>0.884739</td>\n",
       "      <td>0.770578</td>\n",
       "      <td>0.867168</td>\n",
       "      <td>0.775361</td>\n",
       "      <td>0.780596</td>\n",
       "      <td>0.814891</td>\n",
       "      <td>0.770578</td>\n",
       "      <td>0.868693</td>\n",
       "      <td>0.959312</td>\n",
       "      <td>0.595860</td>\n",
       "    </tr>\n",
       "    <tr>\n",
       "      <th>ETHUSDT</th>\n",
       "      <td>0.907397</td>\n",
       "      <td>1.000000</td>\n",
       "      <td>0.799778</td>\n",
       "      <td>0.818077</td>\n",
       "      <td>0.655187</td>\n",
       "      <td>0.655168</td>\n",
       "      <td>0.694292</td>\n",
       "      <td>0.747313</td>\n",
       "      <td>0.883789</td>\n",
       "      <td>0.602464</td>\n",
       "      <td>0.767217</td>\n",
       "      <td>0.602464</td>\n",
       "      <td>0.746501</td>\n",
       "      <td>0.607879</td>\n",
       "      <td>0.825123</td>\n",
       "      <td>0.664003</td>\n",
       "      <td>0.602464</td>\n",
       "      <td>0.743464</td>\n",
       "      <td>0.870892</td>\n",
       "      <td>0.692647</td>\n",
       "    </tr>\n",
       "    <tr>\n",
       "      <th>XRPUSDT</th>\n",
       "      <td>0.897096</td>\n",
       "      <td>0.799778</td>\n",
       "      <td>1.000000</td>\n",
       "      <td>0.856292</td>\n",
       "      <td>0.836376</td>\n",
       "      <td>0.903078</td>\n",
       "      <td>0.937418</td>\n",
       "      <td>0.426583</td>\n",
       "      <td>0.557555</td>\n",
       "      <td>0.907417</td>\n",
       "      <td>0.950346</td>\n",
       "      <td>0.907417</td>\n",
       "      <td>0.935559</td>\n",
       "      <td>0.822370</td>\n",
       "      <td>0.676089</td>\n",
       "      <td>0.913627</td>\n",
       "      <td>0.907417</td>\n",
       "      <td>0.949067</td>\n",
       "      <td>0.909360</td>\n",
       "      <td>0.407654</td>\n",
       "    </tr>\n",
       "    <tr>\n",
       "      <th>ADAUSDT</th>\n",
       "      <td>0.832758</td>\n",
       "      <td>0.818077</td>\n",
       "      <td>0.856292</td>\n",
       "      <td>1.000000</td>\n",
       "      <td>0.780472</td>\n",
       "      <td>0.802456</td>\n",
       "      <td>0.798298</td>\n",
       "      <td>0.504571</td>\n",
       "      <td>0.662661</td>\n",
       "      <td>0.749628</td>\n",
       "      <td>0.849344</td>\n",
       "      <td>0.749628</td>\n",
       "      <td>0.783518</td>\n",
       "      <td>0.651125</td>\n",
       "      <td>0.669304</td>\n",
       "      <td>0.835573</td>\n",
       "      <td>0.749628</td>\n",
       "      <td>0.825644</td>\n",
       "      <td>0.852348</td>\n",
       "      <td>0.384420</td>\n",
       "    </tr>\n",
       "    <tr>\n",
       "      <th>DOGEUSDT</th>\n",
       "      <td>0.676114</td>\n",
       "      <td>0.655187</td>\n",
       "      <td>0.836376</td>\n",
       "      <td>0.780472</td>\n",
       "      <td>1.000000</td>\n",
       "      <td>0.894204</td>\n",
       "      <td>0.851126</td>\n",
       "      <td>0.387071</td>\n",
       "      <td>0.342162</td>\n",
       "      <td>0.888505</td>\n",
       "      <td>0.868716</td>\n",
       "      <td>0.888505</td>\n",
       "      <td>0.857303</td>\n",
       "      <td>0.645124</td>\n",
       "      <td>0.423719</td>\n",
       "      <td>0.862657</td>\n",
       "      <td>0.888505</td>\n",
       "      <td>0.878971</td>\n",
       "      <td>0.717476</td>\n",
       "      <td>0.155730</td>\n",
       "    </tr>\n",
       "    <tr>\n",
       "      <th>EOSUSDT</th>\n",
       "      <td>0.785844</td>\n",
       "      <td>0.655168</td>\n",
       "      <td>0.903078</td>\n",
       "      <td>0.802456</td>\n",
       "      <td>0.894204</td>\n",
       "      <td>1.000000</td>\n",
       "      <td>0.975854</td>\n",
       "      <td>0.275121</td>\n",
       "      <td>0.331227</td>\n",
       "      <td>0.963609</td>\n",
       "      <td>0.955460</td>\n",
       "      <td>0.963609</td>\n",
       "      <td>0.944923</td>\n",
       "      <td>0.803145</td>\n",
       "      <td>0.470133</td>\n",
       "      <td>0.954909</td>\n",
       "      <td>0.963609</td>\n",
       "      <td>0.937392</td>\n",
       "      <td>0.833831</td>\n",
       "      <td>0.193129</td>\n",
       "    </tr>\n",
       "    <tr>\n",
       "      <th>XLMUSDT</th>\n",
       "      <td>0.849729</td>\n",
       "      <td>0.694292</td>\n",
       "      <td>0.937418</td>\n",
       "      <td>0.798298</td>\n",
       "      <td>0.851126</td>\n",
       "      <td>0.975854</td>\n",
       "      <td>1.000000</td>\n",
       "      <td>0.299040</td>\n",
       "      <td>0.403074</td>\n",
       "      <td>0.957893</td>\n",
       "      <td>0.972509</td>\n",
       "      <td>0.957893</td>\n",
       "      <td>0.955318</td>\n",
       "      <td>0.843465</td>\n",
       "      <td>0.534105</td>\n",
       "      <td>0.957556</td>\n",
       "      <td>0.957893</td>\n",
       "      <td>0.956223</td>\n",
       "      <td>0.889434</td>\n",
       "      <td>0.284999</td>\n",
       "    </tr>\n",
       "    <tr>\n",
       "      <th>MATICUSDT</th>\n",
       "      <td>0.513035</td>\n",
       "      <td>0.747313</td>\n",
       "      <td>0.426583</td>\n",
       "      <td>0.504571</td>\n",
       "      <td>0.387071</td>\n",
       "      <td>0.275121</td>\n",
       "      <td>0.299040</td>\n",
       "      <td>1.000000</td>\n",
       "      <td>0.714965</td>\n",
       "      <td>0.187073</td>\n",
       "      <td>0.393759</td>\n",
       "      <td>0.187073</td>\n",
       "      <td>0.366261</td>\n",
       "      <td>0.105262</td>\n",
       "      <td>0.668338</td>\n",
       "      <td>0.275042</td>\n",
       "      <td>0.187073</td>\n",
       "      <td>0.328158</td>\n",
       "      <td>0.478176</td>\n",
       "      <td>0.631996</td>\n",
       "    </tr>\n",
       "    <tr>\n",
       "      <th>SOLUSDT</th>\n",
       "      <td>0.739252</td>\n",
       "      <td>0.883789</td>\n",
       "      <td>0.557555</td>\n",
       "      <td>0.662661</td>\n",
       "      <td>0.342162</td>\n",
       "      <td>0.331227</td>\n",
       "      <td>0.403074</td>\n",
       "      <td>0.714965</td>\n",
       "      <td>1.000000</td>\n",
       "      <td>0.279800</td>\n",
       "      <td>0.508472</td>\n",
       "      <td>0.279800</td>\n",
       "      <td>0.465305</td>\n",
       "      <td>0.428705</td>\n",
       "      <td>0.832449</td>\n",
       "      <td>0.376453</td>\n",
       "      <td>0.279800</td>\n",
       "      <td>0.485489</td>\n",
       "      <td>0.729152</td>\n",
       "      <td>0.747346</td>\n",
       "    </tr>\n",
       "    <tr>\n",
       "      <th>NEOUSDT</th>\n",
       "      <td>0.770578</td>\n",
       "      <td>0.602464</td>\n",
       "      <td>0.907417</td>\n",
       "      <td>0.749628</td>\n",
       "      <td>0.888505</td>\n",
       "      <td>0.963609</td>\n",
       "      <td>0.957893</td>\n",
       "      <td>0.187073</td>\n",
       "      <td>0.279800</td>\n",
       "      <td>1.000000</td>\n",
       "      <td>0.946396</td>\n",
       "      <td>1.000000</td>\n",
       "      <td>0.943029</td>\n",
       "      <td>0.833547</td>\n",
       "      <td>0.436984</td>\n",
       "      <td>0.957774</td>\n",
       "      <td>1.000000</td>\n",
       "      <td>0.962053</td>\n",
       "      <td>0.805674</td>\n",
       "      <td>0.154290</td>\n",
       "    </tr>\n",
       "    <tr>\n",
       "      <th>LINKUSDT</th>\n",
       "      <td>0.884739</td>\n",
       "      <td>0.767217</td>\n",
       "      <td>0.950346</td>\n",
       "      <td>0.849344</td>\n",
       "      <td>0.868716</td>\n",
       "      <td>0.955460</td>\n",
       "      <td>0.972509</td>\n",
       "      <td>0.393759</td>\n",
       "      <td>0.508472</td>\n",
       "      <td>0.946396</td>\n",
       "      <td>1.000000</td>\n",
       "      <td>0.946396</td>\n",
       "      <td>0.968456</td>\n",
       "      <td>0.829701</td>\n",
       "      <td>0.638084</td>\n",
       "      <td>0.965875</td>\n",
       "      <td>0.946396</td>\n",
       "      <td>0.972928</td>\n",
       "      <td>0.926270</td>\n",
       "      <td>0.351121</td>\n",
       "    </tr>\n",
       "    <tr>\n",
       "      <th>NEOUSDT.1</th>\n",
       "      <td>0.770578</td>\n",
       "      <td>0.602464</td>\n",
       "      <td>0.907417</td>\n",
       "      <td>0.749628</td>\n",
       "      <td>0.888505</td>\n",
       "      <td>0.963609</td>\n",
       "      <td>0.957893</td>\n",
       "      <td>0.187073</td>\n",
       "      <td>0.279800</td>\n",
       "      <td>1.000000</td>\n",
       "      <td>0.946396</td>\n",
       "      <td>1.000000</td>\n",
       "      <td>0.943029</td>\n",
       "      <td>0.833547</td>\n",
       "      <td>0.436984</td>\n",
       "      <td>0.957774</td>\n",
       "      <td>1.000000</td>\n",
       "      <td>0.962053</td>\n",
       "      <td>0.805674</td>\n",
       "      <td>0.154290</td>\n",
       "    </tr>\n",
       "    <tr>\n",
       "      <th>LTCUSDT</th>\n",
       "      <td>0.867168</td>\n",
       "      <td>0.746501</td>\n",
       "      <td>0.935559</td>\n",
       "      <td>0.783518</td>\n",
       "      <td>0.857303</td>\n",
       "      <td>0.944923</td>\n",
       "      <td>0.955318</td>\n",
       "      <td>0.366261</td>\n",
       "      <td>0.465305</td>\n",
       "      <td>0.943029</td>\n",
       "      <td>0.968456</td>\n",
       "      <td>0.943029</td>\n",
       "      <td>1.000000</td>\n",
       "      <td>0.852692</td>\n",
       "      <td>0.582354</td>\n",
       "      <td>0.938787</td>\n",
       "      <td>0.943029</td>\n",
       "      <td>0.961476</td>\n",
       "      <td>0.899654</td>\n",
       "      <td>0.285124</td>\n",
       "    </tr>\n",
       "    <tr>\n",
       "      <th>TRXUSDT</th>\n",
       "      <td>0.775361</td>\n",
       "      <td>0.607879</td>\n",
       "      <td>0.822370</td>\n",
       "      <td>0.651125</td>\n",
       "      <td>0.645124</td>\n",
       "      <td>0.803145</td>\n",
       "      <td>0.843465</td>\n",
       "      <td>0.105262</td>\n",
       "      <td>0.428705</td>\n",
       "      <td>0.833547</td>\n",
       "      <td>0.829701</td>\n",
       "      <td>0.833547</td>\n",
       "      <td>0.852692</td>\n",
       "      <td>1.000000</td>\n",
       "      <td>0.481179</td>\n",
       "      <td>0.816533</td>\n",
       "      <td>0.833547</td>\n",
       "      <td>0.856206</td>\n",
       "      <td>0.828744</td>\n",
       "      <td>0.221575</td>\n",
       "    </tr>\n",
       "    <tr>\n",
       "      <th>ATOMUSDT</th>\n",
       "      <td>0.780596</td>\n",
       "      <td>0.825123</td>\n",
       "      <td>0.676089</td>\n",
       "      <td>0.669304</td>\n",
       "      <td>0.423719</td>\n",
       "      <td>0.470133</td>\n",
       "      <td>0.534105</td>\n",
       "      <td>0.668338</td>\n",
       "      <td>0.832449</td>\n",
       "      <td>0.436984</td>\n",
       "      <td>0.638084</td>\n",
       "      <td>0.436984</td>\n",
       "      <td>0.582354</td>\n",
       "      <td>0.481179</td>\n",
       "      <td>1.000000</td>\n",
       "      <td>0.498716</td>\n",
       "      <td>0.436984</td>\n",
       "      <td>0.564602</td>\n",
       "      <td>0.773757</td>\n",
       "      <td>0.801708</td>\n",
       "    </tr>\n",
       "    <tr>\n",
       "      <th>UNIUSDT</th>\n",
       "      <td>0.814891</td>\n",
       "      <td>0.664003</td>\n",
       "      <td>0.913627</td>\n",
       "      <td>0.835573</td>\n",
       "      <td>0.862657</td>\n",
       "      <td>0.954909</td>\n",
       "      <td>0.957556</td>\n",
       "      <td>0.275042</td>\n",
       "      <td>0.376453</td>\n",
       "      <td>0.957774</td>\n",
       "      <td>0.965875</td>\n",
       "      <td>0.957774</td>\n",
       "      <td>0.938787</td>\n",
       "      <td>0.816533</td>\n",
       "      <td>0.498716</td>\n",
       "      <td>1.000000</td>\n",
       "      <td>0.957774</td>\n",
       "      <td>0.956594</td>\n",
       "      <td>0.860187</td>\n",
       "      <td>0.170880</td>\n",
       "    </tr>\n",
       "    <tr>\n",
       "      <th>NEOUSDT.2</th>\n",
       "      <td>0.770578</td>\n",
       "      <td>0.602464</td>\n",
       "      <td>0.907417</td>\n",
       "      <td>0.749628</td>\n",
       "      <td>0.888505</td>\n",
       "      <td>0.963609</td>\n",
       "      <td>0.957893</td>\n",
       "      <td>0.187073</td>\n",
       "      <td>0.279800</td>\n",
       "      <td>1.000000</td>\n",
       "      <td>0.946396</td>\n",
       "      <td>1.000000</td>\n",
       "      <td>0.943029</td>\n",
       "      <td>0.833547</td>\n",
       "      <td>0.436984</td>\n",
       "      <td>0.957774</td>\n",
       "      <td>1.000000</td>\n",
       "      <td>0.962053</td>\n",
       "      <td>0.805674</td>\n",
       "      <td>0.154290</td>\n",
       "    </tr>\n",
       "    <tr>\n",
       "      <th>VETUSDT</th>\n",
       "      <td>0.868693</td>\n",
       "      <td>0.743464</td>\n",
       "      <td>0.949067</td>\n",
       "      <td>0.825644</td>\n",
       "      <td>0.878971</td>\n",
       "      <td>0.937392</td>\n",
       "      <td>0.956223</td>\n",
       "      <td>0.328158</td>\n",
       "      <td>0.485489</td>\n",
       "      <td>0.962053</td>\n",
       "      <td>0.972928</td>\n",
       "      <td>0.962053</td>\n",
       "      <td>0.961476</td>\n",
       "      <td>0.856206</td>\n",
       "      <td>0.564602</td>\n",
       "      <td>0.956594</td>\n",
       "      <td>0.962053</td>\n",
       "      <td>1.000000</td>\n",
       "      <td>0.900098</td>\n",
       "      <td>0.292519</td>\n",
       "    </tr>\n",
       "    <tr>\n",
       "      <th>DOTUSDT</th>\n",
       "      <td>0.959312</td>\n",
       "      <td>0.870892</td>\n",
       "      <td>0.909360</td>\n",
       "      <td>0.852348</td>\n",
       "      <td>0.717476</td>\n",
       "      <td>0.833831</td>\n",
       "      <td>0.889434</td>\n",
       "      <td>0.478176</td>\n",
       "      <td>0.729152</td>\n",
       "      <td>0.805674</td>\n",
       "      <td>0.926270</td>\n",
       "      <td>0.805674</td>\n",
       "      <td>0.899654</td>\n",
       "      <td>0.828744</td>\n",
       "      <td>0.773757</td>\n",
       "      <td>0.860187</td>\n",
       "      <td>0.805674</td>\n",
       "      <td>0.900098</td>\n",
       "      <td>1.000000</td>\n",
       "      <td>0.519964</td>\n",
       "    </tr>\n",
       "    <tr>\n",
       "      <th>NEARUSDT</th>\n",
       "      <td>0.595860</td>\n",
       "      <td>0.692647</td>\n",
       "      <td>0.407654</td>\n",
       "      <td>0.384420</td>\n",
       "      <td>0.155730</td>\n",
       "      <td>0.193129</td>\n",
       "      <td>0.284999</td>\n",
       "      <td>0.631996</td>\n",
       "      <td>0.747346</td>\n",
       "      <td>0.154290</td>\n",
       "      <td>0.351121</td>\n",
       "      <td>0.154290</td>\n",
       "      <td>0.285124</td>\n",
       "      <td>0.221575</td>\n",
       "      <td>0.801708</td>\n",
       "      <td>0.170880</td>\n",
       "      <td>0.154290</td>\n",
       "      <td>0.292519</td>\n",
       "      <td>0.519964</td>\n",
       "      <td>1.000000</td>\n",
       "    </tr>\n",
       "  </tbody>\n",
       "</table>\n",
       "</div>"
      ],
      "text/plain": [
       "            BTCUSDT   ETHUSDT   XRPUSDT   ADAUSDT  DOGEUSDT   EOSUSDT   \n",
       "BTCUSDT    1.000000  0.907397  0.897096  0.832758  0.676114  0.785844  \\\n",
       "ETHUSDT    0.907397  1.000000  0.799778  0.818077  0.655187  0.655168   \n",
       "XRPUSDT    0.897096  0.799778  1.000000  0.856292  0.836376  0.903078   \n",
       "ADAUSDT    0.832758  0.818077  0.856292  1.000000  0.780472  0.802456   \n",
       "DOGEUSDT   0.676114  0.655187  0.836376  0.780472  1.000000  0.894204   \n",
       "EOSUSDT    0.785844  0.655168  0.903078  0.802456  0.894204  1.000000   \n",
       "XLMUSDT    0.849729  0.694292  0.937418  0.798298  0.851126  0.975854   \n",
       "MATICUSDT  0.513035  0.747313  0.426583  0.504571  0.387071  0.275121   \n",
       "SOLUSDT    0.739252  0.883789  0.557555  0.662661  0.342162  0.331227   \n",
       "NEOUSDT    0.770578  0.602464  0.907417  0.749628  0.888505  0.963609   \n",
       "LINKUSDT   0.884739  0.767217  0.950346  0.849344  0.868716  0.955460   \n",
       "NEOUSDT.1  0.770578  0.602464  0.907417  0.749628  0.888505  0.963609   \n",
       "LTCUSDT    0.867168  0.746501  0.935559  0.783518  0.857303  0.944923   \n",
       "TRXUSDT    0.775361  0.607879  0.822370  0.651125  0.645124  0.803145   \n",
       "ATOMUSDT   0.780596  0.825123  0.676089  0.669304  0.423719  0.470133   \n",
       "UNIUSDT    0.814891  0.664003  0.913627  0.835573  0.862657  0.954909   \n",
       "NEOUSDT.2  0.770578  0.602464  0.907417  0.749628  0.888505  0.963609   \n",
       "VETUSDT    0.868693  0.743464  0.949067  0.825644  0.878971  0.937392   \n",
       "DOTUSDT    0.959312  0.870892  0.909360  0.852348  0.717476  0.833831   \n",
       "NEARUSDT   0.595860  0.692647  0.407654  0.384420  0.155730  0.193129   \n",
       "\n",
       "            XLMUSDT  MATICUSDT   SOLUSDT   NEOUSDT  LINKUSDT  NEOUSDT.1   \n",
       "BTCUSDT    0.849729   0.513035  0.739252  0.770578  0.884739   0.770578  \\\n",
       "ETHUSDT    0.694292   0.747313  0.883789  0.602464  0.767217   0.602464   \n",
       "XRPUSDT    0.937418   0.426583  0.557555  0.907417  0.950346   0.907417   \n",
       "ADAUSDT    0.798298   0.504571  0.662661  0.749628  0.849344   0.749628   \n",
       "DOGEUSDT   0.851126   0.387071  0.342162  0.888505  0.868716   0.888505   \n",
       "EOSUSDT    0.975854   0.275121  0.331227  0.963609  0.955460   0.963609   \n",
       "XLMUSDT    1.000000   0.299040  0.403074  0.957893  0.972509   0.957893   \n",
       "MATICUSDT  0.299040   1.000000  0.714965  0.187073  0.393759   0.187073   \n",
       "SOLUSDT    0.403074   0.714965  1.000000  0.279800  0.508472   0.279800   \n",
       "NEOUSDT    0.957893   0.187073  0.279800  1.000000  0.946396   1.000000   \n",
       "LINKUSDT   0.972509   0.393759  0.508472  0.946396  1.000000   0.946396   \n",
       "NEOUSDT.1  0.957893   0.187073  0.279800  1.000000  0.946396   1.000000   \n",
       "LTCUSDT    0.955318   0.366261  0.465305  0.943029  0.968456   0.943029   \n",
       "TRXUSDT    0.843465   0.105262  0.428705  0.833547  0.829701   0.833547   \n",
       "ATOMUSDT   0.534105   0.668338  0.832449  0.436984  0.638084   0.436984   \n",
       "UNIUSDT    0.957556   0.275042  0.376453  0.957774  0.965875   0.957774   \n",
       "NEOUSDT.2  0.957893   0.187073  0.279800  1.000000  0.946396   1.000000   \n",
       "VETUSDT    0.956223   0.328158  0.485489  0.962053  0.972928   0.962053   \n",
       "DOTUSDT    0.889434   0.478176  0.729152  0.805674  0.926270   0.805674   \n",
       "NEARUSDT   0.284999   0.631996  0.747346  0.154290  0.351121   0.154290   \n",
       "\n",
       "            LTCUSDT   TRXUSDT  ATOMUSDT   UNIUSDT  NEOUSDT.2   VETUSDT   \n",
       "BTCUSDT    0.867168  0.775361  0.780596  0.814891   0.770578  0.868693  \\\n",
       "ETHUSDT    0.746501  0.607879  0.825123  0.664003   0.602464  0.743464   \n",
       "XRPUSDT    0.935559  0.822370  0.676089  0.913627   0.907417  0.949067   \n",
       "ADAUSDT    0.783518  0.651125  0.669304  0.835573   0.749628  0.825644   \n",
       "DOGEUSDT   0.857303  0.645124  0.423719  0.862657   0.888505  0.878971   \n",
       "EOSUSDT    0.944923  0.803145  0.470133  0.954909   0.963609  0.937392   \n",
       "XLMUSDT    0.955318  0.843465  0.534105  0.957556   0.957893  0.956223   \n",
       "MATICUSDT  0.366261  0.105262  0.668338  0.275042   0.187073  0.328158   \n",
       "SOLUSDT    0.465305  0.428705  0.832449  0.376453   0.279800  0.485489   \n",
       "NEOUSDT    0.943029  0.833547  0.436984  0.957774   1.000000  0.962053   \n",
       "LINKUSDT   0.968456  0.829701  0.638084  0.965875   0.946396  0.972928   \n",
       "NEOUSDT.1  0.943029  0.833547  0.436984  0.957774   1.000000  0.962053   \n",
       "LTCUSDT    1.000000  0.852692  0.582354  0.938787   0.943029  0.961476   \n",
       "TRXUSDT    0.852692  1.000000  0.481179  0.816533   0.833547  0.856206   \n",
       "ATOMUSDT   0.582354  0.481179  1.000000  0.498716   0.436984  0.564602   \n",
       "UNIUSDT    0.938787  0.816533  0.498716  1.000000   0.957774  0.956594   \n",
       "NEOUSDT.2  0.943029  0.833547  0.436984  0.957774   1.000000  0.962053   \n",
       "VETUSDT    0.961476  0.856206  0.564602  0.956594   0.962053  1.000000   \n",
       "DOTUSDT    0.899654  0.828744  0.773757  0.860187   0.805674  0.900098   \n",
       "NEARUSDT   0.285124  0.221575  0.801708  0.170880   0.154290  0.292519   \n",
       "\n",
       "            DOTUSDT  NEARUSDT  \n",
       "BTCUSDT    0.959312  0.595860  \n",
       "ETHUSDT    0.870892  0.692647  \n",
       "XRPUSDT    0.909360  0.407654  \n",
       "ADAUSDT    0.852348  0.384420  \n",
       "DOGEUSDT   0.717476  0.155730  \n",
